

        ******      ******       ******       ******      ** ***  ****
       ********    ********     ********     ********     *************
      **      **  **      **   **      **   **      **    **    **    **
      **          **      **   **                   **    **    **    **
       *******    **********    *******      *********    **    **    **
        *******   *********      *******    **********    **    **    **
              **  **                   **   **      **    **    **    **
      **      **  **      **   **      **   **      **    **    **    **
       ********    ********     ********     *********    **    **    **
        ******      ******       ******       ****** **   **    **    **

                        ********************************
                        *                              *
                        *         H Y D R O D          *
                        *                              *
                        *      Mass model details      *
                        *                              *
                        ********************************

                   Marketing and Support by DNV GL - Digital Solutions

  Program id   : V7.0-01                  Operating system : 6.2.9200.0              
  Release date : 08-11-2023               Platform         : Win32NT                 
  Access time  : 26-06-2024               Version          : 6.2.9200.0              
  User id      : JOCU                     Service pack     :                         
  Domain       : VERIT                    Machine name     : NOOSLL23040313          

  Copyright DNV GL AS, P.O.Box 300, N-1322 Hovik, Norway

  Mass model = /Workspace/HydroModels/HydroModel1/LoadingConditions1/LoadingCondition1_floater/MassModel1

  Input = FromElementModel
    Element model = /Workspace/Models/Stru_Fine_T3
      M = 4320303.01981257 kg
      COGx = -4.59656027186455 m
      COGy = -0.00449463688082599 m
      COGz = -2.24860011958517 m
      Ix = 3829600824.28956 kg*m^2
      Iy = 4769303788.29504 kg*m^2
      Iz = 7366776039.50878 kg*m^2
      Ixy = 588076.871210693 kg*m^2
      Ixz = 247747079.003873 kg*m^2
      Iyz = -328819.726993017 kg*m^2
      Rx = 29.7727979159735 m
      Ry = 33.2254130628715 m
      Rz = 41.2934937494632 m
      Rxy = 0.368943569517181 m
      Rxz = 7.5726374873139 m
      Ryz = -0.275881023089694 m
      CMxy = 0.136119357488079 m^2
      CMxz = 57.3448385142718 m^2
      CMyz = -0.076110338901016 m^2

         4.320303E+006   0.000000E+000   0.000000E+000   0.000000E+000  -9.714634E+006   1.941819E+004
         0.000000E+000   4.320303E+006   0.000000E+000   9.714634E+006   0.000000E+000  -1.985853E+007
         0.000000E+000   0.000000E+000   4.320303E+006  -1.941819E+004   1.985853E+007   0.000000E+000
         0.000000E+000   9.714634E+006  -1.941819E+004   3.829601E+009   5.880769E+005   2.477471E+008
        -9.714634E+006   0.000000E+000   1.985853E+007   5.880769E+005   4.769304E+009  -3.288197E+005
         1.941819E+004  -1.985853E+007   0.000000E+000   2.477471E+008  -3.288197E+005   7.366776E+009

  Mass/inertia in the input system:
    M = 4320303.01981257 kg
    COGx = -4.59656027186455 m
    COGy = -0.00449463688082599 m
    COGz = -2.24860011958517 m
    Ix = 3829600824.28956 kg*m^2
    Iy = 4769303788.29504 kg*m^2
    Iz = 7366776039.50878 kg*m^2
    Ixy = 588076.871210693 kg*m^2
    Ixz = 247747079.003873 kg*m^2
    Iyz = -328819.726993017 kg*m^2
    Rx = 29.7727979159735 m
    Ry = 33.2254130628715 m
    Rz = 41.2934937494632 m
    Rxy = 0.368943569517181 m
    Rxz = 7.5726374873139 m
    Ryz = -0.275881023089694 m
    CMxy = 0.136119357488079 m^2
    CMxz = 57.3448385142718 m^2
    CMyz = -0.076110338901016 m^2

    As matrix in SI units:
       4.320303E+006   0.000000E+000   0.000000E+000   0.000000E+000  -9.714634E+006   1.941819E+004
       0.000000E+000   4.320303E+006   0.000000E+000   9.714634E+006   0.000000E+000  -1.985853E+007
       0.000000E+000   0.000000E+000   4.320303E+006  -1.941819E+004   1.985853E+007   0.000000E+000
       0.000000E+000   9.714634E+006  -1.941819E+004   3.829601E+009   5.880769E+005   2.477471E+008
      -9.714634E+006   0.000000E+000   1.985853E+007   5.880769E+005   4.769304E+009  -3.288197E+005
       1.941819E+004  -1.985853E+007   0.000000E+000   2.477471E+008  -3.288197E+005   7.366776E+009

  Mass/inertia in the COG centered system:
    M = 4320303.01981257 kg
    COGx = -4.59656027186455 m
    COGy = -0.00449463688082599 m
    COGz = -2.24860011958517 m
    Ix = 3807756410.09181 kg*m^2
    Iy = 4656178516.50335 kg*m^2
    Iz = 7275495007.35939 kg*m^2
    Ixy = 677333.767035186 kg*m^2
    Ixz = 292400979.184541 kg*m^2
    Iyz = -285155.975240809 kg*m^2
    Rx = 29.6877630185542 m
    Ry = 32.8290040112055 m
    Rz = 41.036864396568 m
    Rxy = 0.395953566483421 m
    Rxz = 8.22682590622087 m
    Ryz = -0.256911848448644 m
    CMxy = 0.156779226810941 m^2
    CMxz = 67.6806644912669 m^2
    CMyz = -0.0660036978732988 m^2

    As matrix in SI units:
       4.320303E+006   0.000000E+000   0.000000E+000   0.000000E+000  -9.714634E+006   1.941819E+004
       0.000000E+000   4.320303E+006   0.000000E+000   9.714634E+006   0.000000E+000  -1.985853E+007
       0.000000E+000   0.000000E+000   4.320303E+006  -1.941819E+004   1.985853E+007   0.000000E+000
       0.000000E+000   9.714634E+006  -1.941819E+004   3.807756E+009   6.773338E+005   2.924010E+008
      -9.714634E+006   0.000000E+000   1.985853E+007   6.773338E+005   4.656179E+009  -2.851560E+005
       1.941819E+004  -1.985853E+007   0.000000E+000   2.924010E+008  -2.851560E+005   7.275495E+009

  Mass/inertia matrix in the mixed system:
    M = 4320303.01981257 kg
    COGx = -4.59656027186455 m
    COGy = -0.00449463688082599 m
    COGz = -2.24860011958517 m
    Ix = 3829600824.28956 kg*m^2
    Iy = 4769303788.29504 kg*m^2
    Iz = 7366776039.50878 kg*m^2
    Ixy = 588076.871210693 kg*m^2
    Ixz = 247747079.003873 kg*m^2
    Iyz = -328819.726993017 kg*m^2
    Rx = 29.7727979159735 m
    Ry = 33.2254130628715 m
    Rz = 41.2934937494632 m
    Rxy = 0.368943569517181 m
    Rxz = 7.5726374873139 m
    Ryz = -0.275881023089694 m
    CMxy = 0.136119357488079 m^2
    CMxz = 57.3448385142718 m^2
    CMyz = -0.076110338901016 m^2

    As matrix in SI units:
       4.320303E+006   0.000000E+000   0.000000E+000   0.000000E+000  -9.714634E+006   1.941819E+004
       0.000000E+000   4.320303E+006   0.000000E+000   9.714634E+006   0.000000E+000  -1.985853E+007
       0.000000E+000   0.000000E+000   4.320303E+006  -1.941819E+004   1.985853E+007   0.000000E+000
       0.000000E+000   9.714634E+006  -1.941819E+004   3.829601E+009   5.880769E+005   2.477471E+008
      -9.714634E+006   0.000000E+000   1.985853E+007   5.880769E+005   4.769304E+009  -3.288197E+005
       1.941819E+004  -1.985853E+007   0.000000E+000   2.477471E+008  -3.288197E+005   7.366776E+009

  Mass/inertia in the global system:
    M = 4320303.01981257 kg
    COGx = -4.59656027186455 m
    COGy = -0.00449463688082599 m
    COGz = -2.24860011958517 m
    Ix = 3829600824.28956 kg*m^2
    Iy = 4769303788.29504 kg*m^2
    Iz = 7366776039.50878 kg*m^2
    Ixy = 588076.871210693 kg*m^2
    Ixz = 247747079.003873 kg*m^2
    Iyz = -328819.726993017 kg*m^2
    Rx = 29.7727979159735 m
    Ry = 33.2254130628715 m
    Rz = 41.2934937494632 m
    Rxy = 0.368943569517181 m
    Rxz = 7.5726374873139 m
    Ryz = -0.275881023089694 m
    CMxy = 0.136119357488079 m^2
    CMxz = 57.3448385142718 m^2
    CMyz = -0.076110338901016 m^2

    As matrix in SI units:
       4.320303E+006   0.000000E+000   0.000000E+000   0.000000E+000  -9.714634E+006   1.941819E+004
       0.000000E+000   4.320303E+006   0.000000E+000   9.714634E+006   0.000000E+000  -1.985853E+007
       0.000000E+000   0.000000E+000   4.320303E+006  -1.941819E+004   1.985853E+007   0.000000E+000
       0.000000E+000   9.714634E+006  -1.941819E+004   3.829601E+009   5.880769E+005   2.477471E+008
      -9.714634E+006   0.000000E+000   1.985853E+007   5.880769E+005   4.769304E+009  -3.288197E+005
       1.941819E+004  -1.985853E+007   0.000000E+000   2.477471E+008  -3.288197E+005   7.366776E+009

  ===============================================================================================
  Input system:        COG, radius of gyration and inertia in input coordinate system
  COG centered system: COG in input system. Radius of gyration and inertia in a coordinate system
                       parallel to the input system, but with its origin at the centre of gravity
  Mixed system:        COG in input system. Radius of gyration and inertia in global system
  Global system:       COG, radius of gyration and inertia in global coordinate system

  M           Mass                                [M]
  COG         Centre of gravity                   [L]
  Ix/y/z      Moment of inertia                   [M*L^2]
  Rx/y/z      Radius of gyration                  [L]
  Rxy/xz/yz   Specific product of inertia radius  [L]
  CMxy/xz/yz  Centrifugal moment                  [L^2]

  Rx   = Sqrt(Ix/M)
  CMxz = Ixz/M + COGx*COGz
  Rxz  = Sqrt(Abs(CMxz)) * Sign(CMxz)

    M    0    0     0    M*z  -M*y
    0    M    0   -M*z    0    M*x
    0    0    M    M*y  -M*x    0
    0  -M*z  M*y   Ix    Ixy   Ixz
   M*z   0  -M*x   Iyx   Iy    Iyz
  -M*y  M*x   0    Izx   Izy    Iz
  ===============================================================================================
  
  Time started:  2024/06/26 15:50:27
  Time finished: 2024/06/26 15:50:27
  Duration:      1 ms
