&mass_inp
!-----------------------------------------------------------------------
!    Sectional load definitions (input coordinate system):
!-----------------------------------------------------------------------
nload1 = 2
xload1 = 
-42    0    0
17    0    0
boxload1 = 
-42    1e+30    -1e+30    1e+30    -1e+30    1e+30
17    1e+30    -1e+30    1e+30    -1e+30    1e+30
nload2 = 0
xload2 = 0
boxload2 = 0
nload3 = 1
xload3 = 
-49.75    0    31
boxload3 = 
-1e+30    1e+30    -1e+30    1e+30    31    1e+30
!-----------------------------------------------------------------------
!    Mass properties(COG centered system):
!-----------------------------------------------------------------------
MASS    = 17475545.67637
XCG    = -0.011
YCG    = 0.017
ZCG    = 21.004
RGYR_X    = 45.276
RGYR_Y    = 49.884
RGYR_Z    = 43.113
MOM_XZ    = 646.521
MOM_YZ    = 1.142
MOM_XY    = 0.015
!-----------------------------------------------------------------------
!    Total mass matrix (in the input coordinate system):
!-----------------------------------------------------------------------
massmat = 
            17475545.676               0.000               0.000               0.000       367061870.485         -290628.193
                   0.000        17475545.676               0.000      -367061870.485               0.000         -193962.230
                   0.000               0.000        17475545.676          290628.193          193962.230               0.000
                   0.000      -367061870.485          290628.193     43532764908.645          259438.715     11302378289.287
           367061870.485               0.000          193962.230          259438.715     51196578217.889        13858981.213
             -290628.193         -193962.230               0.000     11302378289.287        13858981.213     32482005285.545
!-----------------------------------------------------------------------
!    Sectional mass matrices (in the input coordinate system):
!-----------------------------------------------------------------------
secmat = 
            12312199.039               0.000               0.000               0.000        98285689.921         -291374.763
                   0.000        12312199.039               0.000       -98285689.921               0.000       253064459.789
                   0.000               0.000        12312199.039          291374.763      -253064459.789               0.000
                   0.000       -98285689.921          291374.763     13740126258.928        19680099.565     -1884196043.614
            98285689.921               0.000      -253064459.789        19680099.565      9053119995.973        13868990.871
             -291374.763       253064459.789               0.000     -1884196043.614        13868990.871     20091237474.450

            10743370.577               0.000               0.000               0.000        82734394.131         -293853.183
                   0.000        10743370.577               0.000       -82734394.131               0.000       272574681.354
                   0.000               0.000        10743370.577          293853.183      -272574681.354               0.000
                   0.000       -82734394.131          293853.183     12321052732.586        -7591999.034     -2079027712.615
            82734394.131               0.000      -272574681.354        -7591999.034      7938763629.791        13856440.765
             -293853.183       272574681.354               0.000     -2079027712.615        13856440.765     18286818153.520

             2313375.878               0.000               0.000               0.000       237820046.620               0.751
                   0.000         2313375.878               0.000      -237820046.620               0.000      -113528615.197
                   0.000               0.000         2313375.878              -0.751       113528615.197               0.000
                   0.000      -237820046.620              -0.751     29265658647.394               0.817     11670998194.386
           237820046.620               0.000       113528615.197               0.817     34837060751.085              23.835
                   0.751      -113528615.197               0.000     11670998194.386              23.835      5572953838.327

/
